Miesiac 1
0.22 0.27 0.28
0.21 0.28 0.27
0.27 0.28 0.22


Miesiac 2
0.22 0.27 0.28
0.21 0.28 0.27
0.27 0.28 0.22


Miesiac 3 - tu sadzimy
0.73 0.88 0.93
0.72 0.93 0.89
0.90 0.93 0.74


Miesiac 4
0.29 0.35 0.37
0.29 0.37 0.36
0.36 0.37 0.30


Miesiac 5
0.29 0.35 0.37
0.29 0.37 0.36
0.36 0.37 0.30


Miesiac 6
0.29 0.35 0.37
0.29 0.37 0.36
0.36 0.37 0.30


Miesiac 7 - tu sadzimy
0.73 0.88 0.93
0.72 0.93 0.89
0.90 0.93 0.74


Miesiac 8
0.29 0.35 0.37
0.29 0.37 0.36
0.36 0.37 0.30


Miesiac 9
0.29 0.35 0.37
0.29 0.37 0.36
0.36 0.37 0.30


Miesiac 10
0.29 0.35 0.37
0.29 0.37 0.36
0.36 0.37 0.30


Miesiac 11 - tu sadzimy
0.73 0.88 0.93
0.72 0.93 0.89
0.90 0.93 0.74


Miesiac 12
0.22 0.27 0.28
0.21 0.28 0.27
0.27 0.28 0.22


