Miesiac 1
0.28 0.23 0.25
0.28 0.24 0.22
0.21 0.27 0.28


Miesiac 2
0.28 0.23 0.25
0.28 0.24 0.22
0.21 0.27 0.28


Miesiac 3 - tu sadzimy
0.93 0.77 0.82
0.94 0.81 0.73
0.71 0.91 0.92


Miesiac 4
0.37 0.31 0.33
0.37 0.32 0.29
0.28 0.36 0.37


Miesiac 5
0.37 0.31 0.33
0.37 0.32 0.29
0.28 0.36 0.37


Miesiac 6
0.37 0.31 0.33
0.37 0.32 0.29
0.28 0.36 0.37


Miesiac 7 - tu sadzimy
0.93 0.77 0.82
0.94 0.81 0.73
0.71 0.91 0.92


Miesiac 8
0.37 0.31 0.33
0.37 0.32 0.29
0.28 0.36 0.37


Miesiac 9
0.37 0.31 0.33
0.37 0.32 0.29
0.28 0.36 0.37


Miesiac 10
0.37 0.31 0.33
0.37 0.32 0.29
0.28 0.36 0.37


Miesiac 11 - tu sadzimy
0.93 0.77 0.82
0.94 0.81 0.73
0.71 0.91 0.92


Miesiac 12
0.28 0.23 0.25
0.28 0.24 0.22
0.21 0.27 0.28


